%YAML:1.0
#right
---
model_type: PINHOLE
camera_name: camera
image_width: 640
image_height: 480
distortion_parameters:
   k1: 0.0
   k2: 0.0
   p1: 0.0
   p2: 0.0
projection_parameters:
   fx: 385.87969970703125
   fy: 385.87969970703125
   cx: 318.0150146484375
   cy: 236.2733154296875